第1类包含个数为:10
3.319107  15.823706
4.197563  13.216829
4.223764  16.246944
4.876976  16.353952
5.189781  16.847414
3.583662  16.054804
3.457919  15.260737
4.984240  16.031796
3.384173  15.865841
5.767582  19.043819
第2类包含个数为:9
4.340567  21.507969
4.943213  20.178698
5.383239  19.021902
5.557230  18.571320
4.597462  21.785610
6.388872  20.103876
6.257630  21.180386
3.671691  19.740311
5.299721  18.300611
第3类包含个数为:9
9.143040  15.051985
9.512029  16.407980
10.664666  15.727794
8.772610  14.087879
8.657217  15.418064
11.259313  13.826495
8.955296  16.179031
11.591681  14.172553
8.907750  13.945895
第4类包含个数为:11
9.097163  4.034783
10.423779  3.539903
8.863960  6.106408
10.891131  3.894367
10.363529  6.628156
9.272070  5.479486
9.342202  5.529814
11.348728  4.896560
10.417618  5.464351
10.195729  5.582465
9.548274  8.163040
第5类包含个数为:10
5.016056  5.068901
4.792365  4.145538
3.476369  4.863674
5.906512  4.238816
6.808412  4.855062
4.213333  4.721456
3.726049  6.104107
5.773490  5.785934
5.600725  4.931142
4.870728  5.756664
第6类包含个数为:12
6.939056  9.559361
4.445590  10.411050
4.982916  10.188026
6.176427  10.861783
6.359302  10.747901
4.734432  10.770981
4.512698  11.251276
4.565906  9.800704
6.447636  11.018640
5.540114  11.337090
4.614522  13.040768
8.074253  10.132527
第7类包含个数为:11
10.723026  10.621644
10.245389  11.258037
11.544152  9.642399
9.283550  8.862832
8.490777  10.336980
11.816897  9.656409
8.437468  10.239982
10.096488  11.501232
10.422479  13.503201
13.203146  10.745638
13.622857  9.509711
第8类包含个数为:12
14.622814  6.423851
14.600213  5.235345
15.089940  3.554107
15.311060  4.469043
13.607439  6.275509
15.007488  4.234400
13.162184  4.409250
15.433504  5.020846
15.890651  4.256789
15.117922  3.742819
18.306938  4.817557
18.837425  6.193526
第9类包含个数为:8
16.535292  9.354236
13.984330  10.071189
15.307936  8.583125
15.470373  8.828026
14.163410  11.281543
13.549277  9.205362
15.934623  9.068079
14.959358  9.835575
第10类包含个数为:9
21.618513  5.000264
19.811930  4.401811
20.284441  5.342907
20.071037  6.360548
18.295584  4.919801
21.354225  5.941148
21.192543  4.742535
20.322245  4.690171
24.347057  5.356923
第11类包含个数为:16
26.233477  4.175293
24.972551  6.361228
26.044409  5.334675
24.314936  4.050870
24.224651  6.353114
26.955105  4.660434
24.544580  5.629385
26.548138  4.329333
24.052460  3.515348
25.280106  8.520080
25.124735  9.015018
25.083073  8.598708
25.924875  8.649487
26.411533  8.598836
28.452023  5.926885
28.201517  5.597492
第12类包含个数为:6
29.489277  4.096348
29.425360  4.233647
29.754354  3.178245
29.896227  5.390910
30.710905  5.479189
31.328363  4.819722
第13类包含个数为:10
14.678314  25.926664
16.486103  26.183475
13.223069  25.673128
14.553946  24.651459
15.828854  24.987488
16.566069  25.806793
15.917798  24.985826
15.117261  24.964434
14.800520  24.354712
13.886455  24.932459
第14类包含个数为:11
9.036761  21.648758
10.994308  18.613607
8.589818  19.173872
10.657437  20.909849
10.964704  20.540974
9.760123  19.386261
11.843298  20.084505
10.427087  20.661152
9.718333  19.512091
11.308556  19.077175
10.844349  23.788622
第15类包含个数为:10
11.158775  24.458565
9.690757  23.670862
10.205031  25.754040
11.547240  25.747023
9.065505  26.559956
11.863114  25.148983
8.959443  25.342745
9.663986  24.370697
11.307930  26.195486
10.938306  28.751749
第16类包含个数为:11
14.539874  21.643129
15.072266  20.345036
14.753796  18.413347
14.741566  19.475578
13.158927  19.365911
13.968534  19.810360
16.495319  21.300438
15.842731  20.677338
14.835085  21.201225
14.145565  20.380104
18.554296  20.775204
第17类包含个数为:10
19.935953  23.537750
21.129860  26.357847
19.716835  24.157818
20.180189  23.223148
20.148132  23.163345
21.560076  24.715380
21.226618  24.018604
20.268675  24.035423
19.650368  26.740746
21.689487  24.965494
第18类包含个数为:11
16.182102  13.995591
14.594710  13.536288
14.135187  15.376041
14.871037  14.978581
14.570768  14.619540
13.166288  14.759387
13.424459  14.127126
14.186785  13.549264
14.412230  16.332319
14.918971  15.751330
18.141581  15.022013
第19类包含个数为:10
19.542501  9.315209
20.616926  10.928238
20.655943  9.352221
20.327824  11.353214
21.325590  10.047565
21.065449  8.864836
20.377611  11.209010
21.509020  11.045678
21.527655  10.399385
20.409025  10.215807
第20类包含个数为:3
19.751760  21.142204
18.139555  20.134975
20.558718  21.609392
第21类包含个数为:15
18.962179  15.385423
19.694807  14.883072
21.192783  15.376843
19.653843  14.934237
18.410189  15.950917
19.432899  13.865985
20.112909  16.560005
19.358484  16.757883
21.491848  15.393023
20.625271  18.332146
19.903240  18.466007
19.503683  18.575054
20.202225  19.999861
18.967314  18.579563
20.280643  18.129965
第22类包含个数为:11
23.703371  20.322624
25.555712  21.917110
24.122772  18.721678
25.420372  19.282734
26.153084  19.987726
24.427475  18.487865
24.738203  21.281200
26.434303  20.810461
23.650421  19.589138
24.942198  18.209030
28.522821  20.210550
第23类包含个数为:11
28.954132  31.434952
29.088381  31.562845
30.287828  30.678427
29.931946  29.724876
28.282761  30.210587
31.758642  30.718111
28.286169  30.366623
31.217619  31.020435
31.392094  30.889816
30.660666  33.815186
30.496683  33.536884
第24类包含个数为:11
25.134031  25.010139
26.045464  24.359224
23.478069  24.003490
23.538820  26.195623
26.602085  24.811064
23.957813  26.360046
26.945339  24.790199
23.858356  24.613092
23.463308  26.121258
24.344147  23.821440
23.950495  28.458473
第25类包含个数为:10
24.861641  30.370615
26.088938  31.599598
24.442680  30.590626
24.327276  30.122913
24.976862  30.687654
24.167744  28.724173
24.208755  28.483370
24.998598  28.363262
26.377113  28.842844
28.063541  29.707687
第26类包含个数为:10
31.068321  24.601988
30.608971  25.659611
30.127117  24.304226
29.104111  23.334715
30.185453  24.075846
28.810076  25.907957
28.847027  24.395613
28.265896  25.670380
29.416796  25.854099
28.473869  25.630531
第27类包含个数为:9
26.286987  10.910209
24.969257  11.658826
26.479704  9.941553
23.676254  10.860919
23.213318  9.946953
24.507364  13.543121
24.720453  13.605722
24.782286  13.676563
23.490374  13.782372
第28类包含个数为:6
26.346313  15.839846
25.411976  15.915488
23.336966  14.604676
25.208546  16.567429
26.303291  15.931030
23.582218  14.535992
第29类包含个数为:12
29.033220  16.417402
29.433422  15.421354
28.785900  15.162021
31.729891  15.818053
30.243773  14.736863
31.331287  14.847889
29.533424  15.834723
30.707130  15.355429
31.073692  15.924099
29.899586  16.734310
30.144999  19.087376
30.755270  18.315474
第30类包含个数为:11
31.652563  20.594748
28.887003  19.042427
31.864059  19.948164
30.953829  19.966429
31.205238  19.822296
30.038513  20.372040
30.705656  18.954281
34.051041  19.689621
33.306118  19.072172
33.808750  21.470196
33.912991  20.609556
第31类包含个数为:9
35.245861  15.492361
35.012447  16.726103
34.524265  15.081193
35.981953  19.349319
34.881718  18.373459
34.967621  20.647875
35.973778  18.867022
35.231808  18.146488
36.623371  20.229116
第32类包含个数为:11
34.014820  24.606367
36.841957  24.268030
34.772129  23.474451
34.300823  25.197477
33.455872  24.866909
35.427299  26.112978
36.292835  25.492270
33.151649  24.386648
33.027351  25.197351
33.990097  23.982967
34.573681  28.153273
第33类包含个数为:9
40.161480  18.740427
38.928448  21.218969
40.041351  20.084862
40.269520  19.646278
39.075954  20.913202
40.592030  18.562868
41.041458  19.243109
38.949944  21.178936
40.078495  20.115103
第34类包含个数为:6
38.879982  24.887371
40.395790  24.203745
40.078457  23.632477
41.245964  24.575108
41.060131  24.257555
41.843002  24.361618
第35类包含个数为:8
45.790356  21.737915
44.559502  20.806820
45.288521  20.342525
44.053356  19.685146
45.697788  20.304266
43.518986  20.488926
44.801449  20.864843
45.894238  21.499142
第36类包含个数为:1
35.957005  34.328888
第37类包含个数为:9
35.972439  29.399843
36.383396  29.392242
33.955425  30.549078
33.969490  30.314209
35.509499  28.147518
34.747990  28.221098
34.962738  28.343075
35.604877  28.356346
33.413445  30.608187
第38类包含个数为:5
39.384521  26.094931
40.088127  26.845610
40.582085  26.408155
41.056366  25.483465
40.530392  28.819723
第39类包含个数为:9
40.997917  31.452993
39.760910  30.739994
39.687756  29.498123
39.231354  28.861383
39.414925  29.005625
39.513233  28.509651
38.968758  30.243673
40.916355  30.957376
40.819633  30.460453
第40类包含个数为:12
44.017555  30.203829
45.142250  31.419458
45.898567  28.226767
44.302334  30.014608
43.472599  30.703482
44.602669  31.010504
44.880512  31.444344
43.661869  30.527555
43.879143  31.435461
45.423603  29.515104
44.346062  33.167213
46.244640  33.541782
第41类包含个数为:4
48.406902  20.557348
50.976696  21.379347
48.326042  20.008631
50.806061  21.675348
第42类包含个数为:10
45.534081  25.642286
43.041344  24.871750
45.843540  24.719593
44.652248  25.261314
44.734432  25.271374
44.426105  25.011034
44.646046  23.533527
45.325264  25.877337
44.241203  24.198347
44.716331  26.250839
第43类包含个数为:10
49.976311  24.955252
49.286884  23.424011
50.589657  23.318207
48.366142  24.524874
50.888416  23.831532
50.080925  25.632904
50.210724  25.585192
50.134815  25.793211
49.887634  23.365852
50.162853  26.877882
第44类包含个数为:10
48.568073  30.477083
49.672920  29.417906
48.839413  31.259699
49.225742  31.162809
51.477367  28.988966
48.854267  29.714722
48.150196  29.243530
51.884239  30.491560
48.573601  30.697464
49.605194  29.347084
第45类包含个数为:2
51.691822  34.672405
49.207378  33.594746
第46类包含个数为:10
44.642525  4.586864
46.890926  5.289081
46.733490  4.872142
44.929649  5.633975
46.348846  4.055347
43.322937  5.695928
45.638950  4.176768
46.818104  5.419870
46.817360  5.761830
45.803875  4.513682
第47类包含个数为:10
40.263992  3.467487
39.144119  4.155929
40.186054  3.032881
41.887974  5.136646
40.876793  3.254916
39.187214  4.617844
39.448997  3.942553
40.976185  5.459389
40.313595  4.452178
38.560982  5.875551
第48类包含个数为:13
45.278378  10.860821
45.140274  10.867152
46.937111  10.273387
43.734520  8.836499
43.514248  9.284556
43.514294  11.215718
43.342728  9.205806
44.391964  10.228157
46.203564  11.471914
46.870392  9.730446
45.577263  14.003699
45.589130  13.210284
45.700024  13.885077
第49类包含个数为:10
46.033504  14.983849
49.286934  14.374035
49.807549  13.407429
50.935604  14.334658
50.581875  15.971687
49.373127  15.508829
49.867538  13.956831
49.601257  15.886486
48.564060  15.661375
48.883675  13.958336
第50类包含个数为:10
50.752953  5.166757
50.305599  5.594064
49.850567  3.346009
48.601318  5.081468
51.527836  5.528625
50.563740  3.502720
48.293587  4.359279
49.031441  3.395719
51.280338  6.486556
51.532761  4.256062
第51类包含个数为:10
50.052887  11.222174
48.892979  8.521905
51.622234  10.585400
49.915798  9.032880
51.749615  9.728512
51.370544  10.611951
50.604183  9.636783
50.288956  11.253677
49.200729  10.212190
49.062279  10.292705
第52类包含个数为:11
34.206192  3.990561
36.348644  5.765116
33.666687  5.353959
34.257610  6.803926
34.676804  6.798679
33.913975  3.576205
33.874435  3.512238
35.016964  6.938148
33.061848  4.870102
34.286530  4.961644
35.754177  8.849890
第53类包含个数为:3
30.548061  6.719431
29.319361  6.742442
30.096832  8.028797
第54类包含个数为:9
28.817286  11.476162
31.436853  9.652404
30.930494  11.106606
28.007010  10.159070
28.772585  11.401130
30.609650  10.463696
31.066280  10.023060
30.756365  11.514706
30.159912  11.598307
第55类包含个数为:9
35.221478  10.240084
35.631226  8.808068
35.453743  10.581865
35.386650  9.162384
33.629097  8.855692
36.470367  9.312972
33.670349  11.165217
36.672913  9.245102
36.225994  10.701425
第56类包含个数为:10
41.493912  10.675043
40.078907  10.129789
38.498417  10.404696
39.635056  8.985442
41.336407  11.096203
40.263710  11.891923
38.504742  9.566574
40.900009  11.525425
41.441185  10.305709
39.146004  9.078465
第57类包含个数为:7
34.400150  13.967997
36.252335  14.733783
35.885704  14.361869
35.535324  13.928133
35.780087  14.836477
35.621574  14.624659
34.266731  14.566358
第58类包含个数为:12
39.441135  14.691135
39.991245  14.668839
40.506920  15.882375
39.150642  14.560490
41.828667  14.676253
40.102020  14.575704
40.032356  15.472831
39.520859  15.332262
40.708294  13.170099
41.768822  14.378788
40.974518  18.317421
43.061420  15.262076
第59类包含个数为:8
44.615143  16.401171
46.535172  15.905396
46.013058  15.959390
45.062599  16.494066
44.097248  15.757466
44.604992  18.852005
44.813133  18.415407
48.648937  15.984020
第60类包含个数为:6
50.516743  20.488350
49.936687  18.767281
51.184723  19.240343
51.450989  20.762712
49.927589  18.819696
51.494854  19.093075
第61类包含个数为:10
21.633425  49.740231
19.308142  50.371059
19.889221  49.573875
20.041401  49.730728
21.108351  51.167088
19.173317  48.275703
20.631189  51.152588
19.020956  49.891190
20.976070  51.289703
20.284708  49.898746
第62类包含个数为:10
13.346832  45.425232
16.225893  45.267307
16.437317  43.755177
15.744381  44.000843
15.415937  46.114101
16.680611  44.603817
15.702120  43.430046
15.354980  45.821384
15.907527  46.377735
18.561005  44.286583
第63类包含个数为:10
15.922483  50.787643
14.357014  49.844814
15.564625  50.702480
15.652999  51.480858
15.894400  48.603355
15.523685  50.209766
14.747095  50.217369
14.681698  51.061886
14.982500  49.244759
14.663580  49.602268
第64类包含个数为:12
5.855060  49.471069
4.979172  50.077694
3.604319  48.869946
5.838960  50.372097
5.345166  48.553040
5.018402  49.325645
5.583176  48.366360
4.273467  48.717064
3.678474  50.021206
6.559664  50.593567
8.522389  49.668228
9.126723  49.305172
第65类包含个数为:10
4.061640  38.996815
6.271590  38.669220
5.174976  38.660679
3.985657  41.703815
5.858217  38.509960
5.214380  40.859070
5.402674  41.787632
3.713825  40.591061
4.717011  39.827419
3.520092  40.316582
第66类包含个数为:10
3.542939  44.952225
6.455108  46.120193
6.381274  45.850021
3.257331  45.575966
5.306011  44.411724
4.772504  46.097500
3.942976  45.164387
5.703815  44.743687
4.238760  43.338978
5.136244  46.543499
第67类包含个数为:11
9.520517  44.332336
8.921468  45.447998
10.989967  45.700161
10.946649  43.479004
8.566874  45.228672
11.422745  46.080982
10.759349  45.051292
9.043383  45.833397
9.262218  45.042847
10.146448  45.493164
11.076432  48.983387
第68类包含个数为:7
9.191348  51.605690
9.471936  50.926361
11.803942  50.571590
11.720158  50.127457
10.100744  48.802357
10.112282  49.050598
9.061913  49.805717
第69类包含个数为:11
14.895906  41.324520
15.642397  41.083252
14.243867  38.659435
15.581948  41.859886
13.873257  40.545223
15.650516  40.563969
15.364242  38.528564
13.996205  41.225460
15.210739  39.607468
15.952544  40.365326
16.540144  43.900345
第70类包含个数为:10
10.393508  39.390362
8.629020  38.611729
9.667763  39.969181
9.758572  39.593365
10.543494  40.480747
8.583463  38.795559
11.697499  39.928864
10.224640  40.090855
9.198460  41.479580
10.917152  40.170578
第71类包含个数为:10
5.832499  35.652122
4.598100  36.602325
4.929738  33.302143
5.411523  34.431908
3.712404  33.703537
5.909729  33.886246
4.093829  34.059925
3.051489  35.025757
4.494583  33.606178
8.442845  35.019783
第72类包含个数为:10
3.896357  26.085432
3.288546  24.895321
6.160141  24.028561
4.270783  25.272879
6.304076  25.000439
3.998593  26.032282
5.711524  26.581116
4.185437  25.111404
4.211142  23.840134
5.127350  23.331821
第73类包含个数为:11
4.272411  30.246168
4.318279  30.318680
5.502042  28.412699
5.988016  29.145569
4.148714  31.772501
5.361887  29.305758
3.187089  29.991297
4.289951  30.511110
3.379221  30.801155
4.395217  29.493591
6.035676  33.637852
第74类包含个数为:10
9.478410  29.869558
9.179640  31.393717
9.370226  29.849712
10.244698  30.921127
11.883737  29.637430
8.804780  31.105736
8.603690  30.143080
10.399655  28.648142
8.608884  30.319132
11.192242  33.846222
第75类包含个数为:10
14.601556  36.900875
14.961106  33.479221
15.314307  34.039604
15.687832  34.036709
13.216463  34.999081
15.505948  34.841404
13.702581  34.175564
14.786925  34.136707
16.595648  35.176792
14.903740  33.448254
第76类包含个数为:8
10.041923  34.852341
9.368475  35.060448
8.752677  36.377380
10.974485  33.571812
9.561812  36.152573
11.017483  33.915573
8.052413  34.827438
10.713518  35.444088
第77类包含个数为:10
14.862425  29.632067
14.529375  29.268143
14.240800  30.194031
13.135253  29.746605
14.320848  29.433105
14.256470  28.575432
13.885792  31.547619
15.250978  31.903202
15.012256  29.223537
14.173193  28.737251
第78类包含个数为:10
24.020626  39.136101
24.137201  38.950729
25.545286  38.356773
25.853098  38.771244
26.704168  39.114613
26.355429  38.738693
26.046383  39.067989
24.975965  38.271336
24.457321  39.146488
23.627453  41.133163
第79类包含个数为:7
29.525925  35.915974
31.553640  34.584419
29.503292  35.898754
31.028879  34.410236
30.410490  36.318211
29.483780  33.838516
29.673773  34.936337
第80类包含个数为:9
31.159159  40.620518
28.998154  39.273220
30.054222  39.806751
28.337412  39.165375
28.694462  38.953999
28.790878  40.881191
30.891468  39.152561
29.127117  38.271572
28.037251  40.063690
第81类包含个数为:11
26.926605  34.472569
25.206118  35.880436
24.995722  33.753803
24.112486  36.239452
26.959587  34.975780
24.029730  35.765163
24.836256  34.324368
25.031412  34.571098
25.472506  36.679554
24.963963  35.076038
28.886806  35.873253
第82类包含个数为:10
19.429750  30.027424
19.265190  31.697475
20.791752  29.223452
19.210001  31.125969
20.852064  30.203632
19.434139  31.913088
21.551077  30.429758
19.445591  30.623846
20.257246  28.983284
21.818806  30.218271
第83类包含个数为:13
18.995667  34.309910
20.902042  34.658825
20.917345  34.708206
19.147066  36.776699
20.210012  35.217831
20.291714  34.277351
19.945631  34.815521
21.428036  35.732281
19.664257  36.243195
19.587326  35.438614
18.725679  38.916862
20.380756  38.423576
20.063313  38.982189
第84类包含个数为:10
25.507767  43.602306
26.444763  44.963280
26.608461  45.479023
25.635338  46.588493
26.873541  44.616993
23.952097  46.445553
23.946114  44.315105
24.569496  45.158112
24.946016  44.977554
26.336119  43.886654
第85类包含个数为:8
21.400229  40.425758
19.549259  39.886944
19.999037  41.858318
19.999086  39.408611
18.476929  40.719627
19.695391  41.834148
19.370174  40.880543
19.300222  43.268536
第86类包含个数为:8
21.598696  45.871048
21.896645  44.770058
19.636379  43.723892
20.724464  45.944038
20.921396  44.071617
19.941587  45.002480
19.558594  46.702755
20.457632  44.612911
第87类包含个数为:9
40.625614  49.124374
38.946308  48.474358
41.344025  51.011749
38.392189  48.951603
39.388355  49.992973
39.454430  50.095524
41.171227  49.595432
40.913948  51.106827
39.955978  49.251038
第88类包含个数为:10
36.759815  45.224689
34.641354  45.453983
35.513958  44.469189
34.290203  43.678448
33.934731  46.180817
36.142391  45.714012
35.726303  45.898739
33.937214  45.022987
36.769661  45.601101
36.741459  45.664303
第89类包含个数为:10
39.817760  44.189674
39.912376  44.495968
38.489727  46.254517
40.251003  46.312561
39.836239  44.169189
41.243679  44.415512
40.194508  44.021950
40.909870  44.469048
38.365292  45.785816
39.102184  43.690979
第90类包含个数为:10
44.066582  45.042480
43.882721  45.071712
46.546436  44.810322
46.275871  46.481354
45.439472  46.163784
44.070587  44.709373
46.326862  45.780552
45.234112  44.893436
44.495663  43.152702
45.641804  45.697094
第91类包含个数为:10
43.994686  51.688972
45.613613  48.894650
43.919544  49.583057
46.553768  50.295742
44.170509  50.686855
46.634754  50.960361
44.012436  49.419155
44.417786  51.225719
46.254963  49.724102
45.679764  50.147732
第92类包含个数为:10
50.504719  51.469280
48.108810  49.982796
50.057697  49.030872
50.523132  48.638756
50.544128  51.405605
48.653488  49.519844
51.845585  49.309181
50.607208  51.562317
50.632721  50.117733
49.660248  51.322777
第93类包含个数为:9
35.609089  51.472755
33.529373  49.534855
35.880333  50.044903
35.858173  49.564575
34.465469  50.818829
36.227013  49.651165
34.686886  50.995911
33.915462  49.415596
34.160748  49.651272
第94类包含个数为:10
25.088257  50.781822
24.987421  51.637772
25.157789  51.165577
23.227877  49.771564
25.928057  51.750881
24.759546  51.059891
26.753370  49.349529
24.365740  50.040710
25.619511  50.433872
24.015202  49.485146
第95类包含个数为:11
29.901779  41.549107
30.932901  43.789387
28.759750  45.299801
31.411676  45.038651
29.464741  46.792381
28.278893  45.404797
31.532858  45.063698
29.664864  46.002449
30.463705  46.811806
29.419327  44.068108
30.054955  46.861019
第96类包含个数为:11
30.426147  50.762390
31.626177  49.042431
29.794922  49.729706
29.524191  49.897278
30.714134  49.280449
30.664801  50.150108
29.710196  51.376797
29.890352  50.430264
30.612232  49.012173
30.199223  48.577850
33.540020  51.024734
第97类包含个数为:1
39.916222  50.147617
第98类包含个数为:11
41.151875  35.865551
40.018772  35.170490
38.686996  33.834553
38.101353  34.478497
40.523151  36.828186
40.693638  34.360062
39.057220  36.012444
41.158756  34.438812
39.143524  36.622616
40.571571  36.176094
43.623623  35.035683
第99类包含个数为:9
34.627380  36.341026
35.994057  33.462269
33.851330  35.918072
35.641273  33.634899
33.402279  35.086182
33.277351  34.731205
34.592167  35.682384
34.051884  36.498974
36.003719  35.863728
第100类包含个数为:10
36.380520  40.345509
35.367508  39.628494
35.878563  41.776611
35.978226  38.773140
34.856960  38.796024
33.176090  39.662884
34.419403  40.794018
35.394650  40.219349
35.214039  40.802513
34.155399  40.408863
第101类包含个数为:12
39.904495  41.711884
40.541512  39.816479
41.817787  40.289093
40.648720  38.991196
40.169754  39.409443
40.175598  39.149937
41.789902  39.329323
40.199772  41.096058
38.928169  40.466164
38.987083  39.748707
43.730877  40.397106
43.731392  40.788063
第102类包含个数为:13
49.190128  36.084354
49.707623  34.669697
49.060169  34.767349
51.503883  36.310146
48.111900  35.091133
48.198364  34.433224
48.551769  35.605347
48.667946  36.072338
48.722515  38.819786
50.902397  39.102993
51.298050  39.482895
50.523838  38.334827
50.384949  38.862835
第103类包含个数为:8
45.626884  36.033501
43.417606  35.367298
44.032761  33.954033
44.602081  35.980221
43.848030  36.355766
44.171642  36.657196
45.745773  36.139835
45.919476  39.181023
第104类包含个数为:12
46.058022  41.492397
45.065575  40.185795
45.334438  40.225014
43.990944  39.924881
46.272671  38.899673
44.315441  40.252228
46.706078  40.718613
49.089294  41.427505
49.527588  41.822361
48.758465  40.193954
48.876698  39.715176
49.433392  40.069065
第105类包含个数为:10
50.965370  46.748238
48.743221  44.915001
49.534935  43.798519
49.366238  45.822945
49.231461  45.556126
51.584923  44.765484
49.821671  43.133438
48.813385  44.511410
50.159592  43.042400
49.987766  46.169064
一共分了105个类
running0.023282 seconds
